{
 "cells": [
  {
   "cell_type": "code",
   "execution_count": 1,
   "metadata": {},
   "outputs": [],
   "source": [
    "import numpy as np\n",
    "import copy\n",
    "import matplotlib.pyplot as plt\n",
    "import scipy as sp"
   ]
  },
  {
   "cell_type": "code",
   "execution_count": 2,
   "metadata": {},
   "outputs": [],
   "source": [
    "hbar = 1\n",
    "#hbar = 6.62607015*10**(-34)"
   ]
  },
  {
   "cell_type": "code",
   "execution_count": 141,
   "metadata": {},
   "outputs": [],
   "source": [
    "#Ridge regression class that performs batch learning and sequantial learning\n",
    "class RidgeRegression:\n",
    "\n",
    "    def __init__(self, learning_rate, regularization_strength, iterations, sequential_learning=False):\n",
    "        self.learning_rate = learning_rate\n",
    "        self.regularization_strength = regularization_strength\n",
    "        self.iterations = iterations\n",
    "        self.sequential_learning = sequential_learning\n",
    "\n",
    "    def update_constants(self, learning_rate=None, regularization_strength=None):\n",
    "        if learning_rate:\n",
    "            self.learning_rate = learning_rate\n",
    "        if regularization_strength:\n",
    "            self.regularization_strength = regularization_strength\n",
    "\n",
    "    def predict(self, X):\n",
    "        return X @ self.W_out\n",
    "\n",
    "    def fit(self, X, Y):\n",
    "        \n",
    "        self.W_out = np.random.uniform(-1,1,(X.shape[1],))\n",
    "        print(self.W_out)\n",
    "        print()\n",
    "               \n",
    "        if self.sequential_learning:\n",
    "            for _ in range(self.iterations):\n",
    "                for x, y in zip(X,Y):\n",
    "                    y_pred_ = self.predict(x)\n",
    "                    gradient_ = - x.T @ (y - y_pred_) + self.regularization_strength*self.W_out\n",
    "                    self.W_out = self.W_out - self.learning_rate*gradient_\n",
    "                    print(self.W_out)\n",
    "        else:\n",
    "            for _ in range(self.iterations):\n",
    "                Y_pred_ = self.predict(X)\n",
    "                gradient_ = - X.T @ (Y - Y_pred_) + self.regularization_strength*self.W_out\n",
    "                self.W_out = self.W_out - self.learning_rate*gradient_\n",
    "                print(f\"X.T:\\n{np.round(X.T,3)}\")\n",
    "                print(f\"Y_pred:\\n{np.round(Y_pred_,3)}\")\n",
    "                print(f\"Y:\\n{Y}\")\n",
    "                print(f\"gradient:\\n{np.round(gradient_,3)}\")\n",
    "                print(f\"W_out:\\n{np.round(self.W_out,3)}\")\n",
    "                print()\n",
    "\n"
   ]
  },
  {
   "cell_type": "code",
   "execution_count": 167,
   "metadata": {},
   "outputs": [],
   "source": [
    "class QReservoir:\n",
    "\n",
    "    def __init__(self, gamma, reservoir_size=4):\n",
    "        self.gamma = gamma\n",
    "        self.reservoir_size = reservoir_size\n",
    "\n",
    "        self.pump_strength = 0.1*gamma\n",
    "        self.tau = 1/gamma\n",
    "        self.W_in = np.random.uniform(0, gamma, (4,))\n",
    "        self.hopping_amplitudes = np.random.uniform(-gamma, gamma, (6,))\n",
    "        self.eta = np.sum(self.W_in**2)\n",
    "\n",
    "        self.init_cov_full()\n",
    "        self.init_A()\n",
    "        self.init_D()\n",
    "\n",
    "        self.entangled_forecast = RidgeRegression(0.1, 0.05, 10)\n",
    "        self.separable_forecast = RidgeRegression(0.1, 0.05, 10)\n",
    "\n",
    "    def init_cov_full(self):\n",
    "        cov_full_ = np.zeros((12,12), dtype=np.float64)\n",
    "        np.fill_diagonal(cov_full_[4:,4:], 1/2)\n",
    "        self.cov_full = cov_full_\n",
    "\n",
    "    #Initializes the matrix A (drift matrix) which contains the deterministic information of the Langevin equations\n",
    "    def init_A(self):\n",
    "        if self.reservoir_size == 4:\n",
    "            A_ = np.zeros((12,12), dtype=np.float64)\n",
    "            #First 1-4x1-4 submatrix\n",
    "            A_[0][0], A_[1][1], A_[2][2], A_[3][3] =  -self.eta/(2*self.gamma), -self.eta/(2*self.gamma), -self.eta/(2*self.gamma), -self.eta/(2*self.gamma)\n",
    "            #5-12x1-4 submatrix\n",
    "            A_[4][0], A_[6][0], A_[8][0], A_[10][0] = -self.W_in[0], -self.W_in[1], -self.W_in[2], -self.W_in[3]\n",
    "            A_[5][1], A_[7][1], A_[9][1], A_[11][1] = -self.W_in[0], -self.W_in[1], -self.W_in[2], -self.W_in[3]\n",
    "            A_[4][2], A_[6][2],A_[8][2], A_[10][2] = -self.W_in[0], -self.W_in[1], -self.W_in[2], -self.W_in[3]\n",
    "            A_[5][3], A_[7][3], A_[9][3], A_[11][3] = -self.W_in[0], -self.W_in[1], -self.W_in[2], -self.W_in[3]\n",
    "            #5-12x5-12 submatrix diagonal\n",
    "            A_[4][4], A_[6][6], A_[8][8], A_[10][10] = -(self.gamma - self.pump_strength)/2, -(self.gamma - self.pump_strength)/2, -(self.gamma - self.pump_strength)/2, -(self.gamma - self.pump_strength)/2\n",
    "            A_[5][5], A_[7][7], A_[9][9], A_[11][11] = -(self.gamma - self.pump_strength)/2, -(self.gamma - self.pump_strength)/2, -(self.gamma - self.pump_strength)/2, -(self.gamma - self.pump_strength)/2\n",
    "            #5-12x5-12 submatrix other values row by row\n",
    "            A_[4][7], A_[4][9], A_[4][11], A_[5][6], A_[5][8], A_[5][10] = self.hopping_amplitudes[0], self.hopping_amplitudes[1], self.hopping_amplitudes[2], -self.hopping_amplitudes[0], -self.hopping_amplitudes[1], -self.hopping_amplitudes[2]\n",
    "            A_[6][5], A_[6][9], A_[6][11], A_[7][4], A_[7][8], A_[7][10] = self.hopping_amplitudes[0], self.hopping_amplitudes[3], self.hopping_amplitudes[4], -self.hopping_amplitudes[0], -self.hopping_amplitudes[3], -self.hopping_amplitudes[4]\n",
    "            A_[8][5], A_[8][7], A_[8][11], A_[9][4], A_[9][6], A_[9][10] = self.hopping_amplitudes[1], self.hopping_amplitudes[3], self.hopping_amplitudes[5], -self.hopping_amplitudes[1], -self.hopping_amplitudes[3], -self.hopping_amplitudes[5]\n",
    "            A_[10][5],  A_[10][7], A_[10][9], A_[11][4], A_[11][6], A_[11][8] = self.hopping_amplitudes[2], self.hopping_amplitudes[4], self.hopping_amplitudes[5], -self.hopping_amplitudes[2], -self.hopping_amplitudes[4], -self.hopping_amplitudes[5]\n",
    "            \n",
    "            #Initialize first mode interaction matrix\n",
    "            first_mode_ = copy.copy(A_)\n",
    "            first_mode_[:,[2,3]] = 0\n",
    "            #Initialize second mode interaction matrix\n",
    "            second_mode_ = copy.copy(A_)\n",
    "            second_mode_[:,[0,1]] = 0\n",
    "            #Initialize A mode with only reservoir interaction (at times 0, tau, 2*tau)\n",
    "            nointeract_mode_ = copy.copy(A_)\n",
    "            nointeract_mode_[:,[0,1,2,3]] = 0\n",
    "\n",
    "            self.matrix_A = A_\n",
    "            self.matrix_A_first = first_mode_\n",
    "            self.matrix_A_second = second_mode_\n",
    "            self.matrix_A_nointeract = nointeract_mode_\n",
    "\n",
    "        else:\n",
    "            print(f\"Cannot create drift matrix A for reservoir size {self.reservoir_size}\")\n",
    "\n",
    "    #Initializes the matrix D (diffusion matrix) which contains the stochastic noise of the Langevin equations\n",
    "    def init_D(self):\n",
    "        if self.reservoir_size == 4:\n",
    "            D_ = np.zeros((12,12), dtype=np.float64)\n",
    "            np.fill_diagonal(D_[:4,:4], self.eta/(2*self.gamma))\n",
    "            np.fill_diagonal(D_[4:,4:], (self.gamma-self.pump_strength)/2)\n",
    "\n",
    "            first_mode_ = copy.copy(D_)\n",
    "            first_mode_[:,[2,3]] = 0\n",
    "            #Initialize second mode interaction matrix\n",
    "            second_mode_ = copy.copy(D_)\n",
    "            second_mode_[:,[0,1]] = 0\n",
    "            #Initialize A mode with only reservoir interaction\n",
    "            nointeract_mode_ = copy.copy(D_)\n",
    "            nointeract_mode_[:,[0,1,2,3]] = 0\n",
    "\n",
    "            self.matrix_D = D_\n",
    "            self.matrix_D_first = first_mode_\n",
    "            self.matrix_D_second = second_mode_\n",
    "            self.matrix_D_nointeract = nointeract_mode_\n",
    "\n",
    "        else:\n",
    "            print(f\"Cannot create drift matrix A for reservoir size {self.reservoir_size}\")        \n",
    "\n",
    "    #Function that creates a two-mode squeezed thermal state\n",
    "    def init_sq_th(self, alpha, theta, mean_n):\n",
    "        #Initialize the thermal vacuum state\n",
    "        th_vac_matrix_ = np.zeros((4,4), dtype=np.float64)\n",
    "        np.fill_diagonal(th_vac_matrix_, mean_n + 1/2)\n",
    "\n",
    "        #Initialize the two-mode squeezing matrix\n",
    "        sq_matrix_ = np.zeros((4,4), dtype=np.float64)\n",
    "        np.fill_diagonal(sq_matrix_, np.cosh(alpha))\n",
    "        sq_matrix_[0][2], sq_matrix_[2][0] = np.sinh(alpha)*np.cos(theta), np.sinh(alpha)*np.cos(theta)\n",
    "        sq_matrix_[0][3], sq_matrix_[3][0] = np.sinh(alpha)*np.sin(theta), np.sinh(alpha)*np.sin(theta)\n",
    "        sq_matrix_[1][2], sq_matrix_[2][1] = np.sinh(alpha)*np.sin(theta), np.sinh(alpha)*np.sin(theta)\n",
    "        sq_matrix_[1][3], sq_matrix_[3][1] = -np.sinh(alpha)*np.cos(theta), -np.sinh(alpha)*np.cos(theta)\n",
    "\n",
    "        #Return the squeezed thermal state\n",
    "        return sq_matrix_ @ th_vac_matrix_ @ sq_matrix_.T\n",
    "\n",
    "    #Creates two-mode input states in bulk\n",
    "    def create_bipartite_states(self, type, amount_of_states):\n",
    "        #Squeezed thermal states\n",
    "        if type == \"sq_th\":\n",
    "            theta_sq_th_ = np.random.uniform(0,2*np.pi,(amount_of_states,))\n",
    "            s_sq_th_ = np.random.uniform(0.8,0.95,(amount_of_states,))\n",
    "            phi_sq_th_ = np.random.uniform(0.5-np.pi/10, 0.5+np.pi/10, (amount_of_states,))\n",
    "            abs_alpha_sq_th_ = np.array([x*np.sin(y) for x, y in zip(s_sq_th_,phi_sq_th_)])\n",
    "            mean_n_sq_th_ = np.array([x*x*np.cos(y)*np.cos(y) for x, y in zip(s_sq_th_,phi_sq_th_)])\n",
    "\n",
    "            #return covariance matrices for input states\n",
    "            return np.array([self.init_sq_th(x,y,z) for x,y,z in zip(abs_alpha_sq_th_,theta_sq_th_,mean_n_sq_th_)])\n",
    "        else:\n",
    "            print(f\"{type} not possible\")\n",
    "\n",
    "    def inject_input(self, cov_input):\n",
    "        self.cov_full[:4,4:] = 0\n",
    "        self.cov_full[4:,:4] = 0\n",
    "        self.cov_full[:4,:4] = cov_input\n",
    "\n",
    "    def rk4_timesteps(self, timesteps):\n",
    "        self.step = 2*self.tau/timesteps\n",
    "        self.timesteps = np.arange(0, 2*self.tau, self.step)\n",
    "\n",
    "    #Evolves system for one input\n",
    "    def update_reservoir(self):\n",
    "\n",
    "        #Piecewice function that determines returns the correct interaction between input and reservoir\n",
    "        def piecewice(t, cov_full):\n",
    "            if 0 < t < self.tau:\n",
    "                print(f\"t: {t}, eka\")\n",
    "                return self.matrix_A_first @ cov_full + cov_full @ self.matrix_A_first.T + self.matrix_D_first\n",
    "            elif self.tau < t < 2*self.tau:\n",
    "                print(f\"t: {t}, toka\")\n",
    "                return self.matrix_A_second @ cov_full + cov_full @ self.matrix_A_second.T + self.matrix_D_second\n",
    "            elif (t == 0) | (t == self.tau) | (t == 2*self.tau):\n",
    "                print(f\"t: {t}, valiin\")\n",
    "                return self.matrix_A_nointeract @ cov_full + cov_full @ self.matrix_A_nointeract.T + self.matrix_D_nointeract\n",
    "            else:\n",
    "                return np.zeros((12,12))\n",
    "                print(\"Out of bounds\")\n",
    "\n",
    "        def rk4(function, t):\n",
    "            k1_ = function(t, self.cov_full)\n",
    "            k2_ = function(t + 0.5 * self.step, self.cov_full + 0.5 * self.step * k1_)\n",
    "            k3_ = function(t + 0.5 * self.step, self.cov_full + 0.5 * self.step * k2_)\n",
    "            k4_ = function(t + self.step, self.cov_full + self.step * k3_)\n",
    "            self.cov_full = self.cov_full + (self.step/6)*(k1_ + 2 * k2_ + 2 * k3_ + k4_)\n",
    "        \n",
    "        print(np.round(self.cov_full,3))\n",
    "        for t in self.timesteps:\n",
    "            print(t)\n",
    "            rk4(piecewice, t)\n",
    "            print(np.round(self.cov_full,3))\n",
    "\n",
    "    def measure_observables(self):\n",
    "        return np.array([(1/2)*(self.cov_full[4+2*i][4+2*i] + self.cov_full[5+2*i][5+2*i] - 1) for i in range(self.reservoir_size)])\n",
    "\n",
    "    def update_and_measure_reservoir(self, cov_inputs):\n",
    "        measured_observables_ = []\n",
    "        for cov_input in cov_inputs:\n",
    "            self.inject_input(cov_input)\n",
    "            self.update_reservoir()\n",
    "            measured_observables_.append(self.measure_observables())\n",
    "        return np.array(measured_observables_)\n",
    "    \n",
    "    #Calculates negativity of input state\n",
    "    def negativity(self, cov_input):\n",
    "        #print(\"In the negativity func\")\n",
    "        det_V_ = np.linalg.det(cov_input)\n",
    "        det_A_ = np.linalg.det(cov_input[:2,:2])  \n",
    "        det_B_ = np.linalg.det(cov_input[2:,2:])\n",
    "        det_C_ = np.linalg.det(cov_input[:2,2:])\n",
    "        sigma_ = det_A_ + det_B_ - 2*det_C_\n",
    "        #print(f\"det_V: {det_V_}, det_A: {det_A_}, det_B: {det_B_}, det_C: {det_C_}, sigma: {sigma_}\")\n",
    "        #print()\n",
    "        return -np.log(np.sqrt(2)*(np.sqrt(sigma_ - np.sqrt(sigma_**2 - 4*det_V_))))\n",
    "\n",
    "    #Reveals true entanglement of input\n",
    "    def assign_entanglement(self, negativity):\n",
    "        #print(\"In the assign entanglement func\")\n",
    "        #print(f\"negativity: {negativity}\")\n",
    "        #print()\n",
    "        if negativity > 0:\n",
    "            return np.array([1,0])\n",
    "        return np.array([0,1])\n",
    "\n",
    "    #Returns true entanglement values in bulk of input states\n",
    "    def get_entanglement_values(self, cov_inputs):\n",
    "        #print(\"In the get entanglement values func\")\n",
    "        #print(f\"cov_inputs: {cov_inputs}\")\n",
    "        #print()\n",
    "        return np.array([self.assign_entanglement(self.negativity(x)) for x in cov_inputs])\n",
    "\n",
    "    def assign_entanglement_from_probabilities(self, Y_pred):\n",
    "        return np.array([[1,0] if x[0] >= x[1] else [0,1] for x in Y_pred])\n",
    "\n",
    "    def analyze_performance(self, Y_true, Y_pred):\n",
    "        count_ = 0\n",
    "        for x, y in zip(Y_true, Y_pred):\n",
    "            if x[0] == y[0]:\n",
    "                count_ += 1\n",
    "\n",
    "        return count_ / len(Y_true)\n",
    "\n",
    "    def evolve_reservoir(self, cov_inputs):\n",
    "        measured_observables_ = self.update_and_measure_reservoir(cov_inputs)\n",
    "        Y_true_ = self.get_entanglement_values(cov_inputs)\n",
    "        self.entangled_forecast.fit(measured_observables_, Y_true_[:,0])\n",
    "        self.separable_forecast.fit(measured_observables_, Y_true_[:,1])\n",
    "        print(self.entangled_forecast.W_out)\n",
    "        print(self.separable_forecast.W_out)\n",
    "        print(np.array([self.entangled_forecast.W_out, self.separable_forecast.W_out]))\n",
    "\n",
    "        self.W_out = np.array([self.entangled_forecast.W_out, self.separable_forecast.W_out])\n",
    "\n",
    "    def test_reservoir(self, cov_inputs):\n",
    "        measured_observables_ = self.update_and_measure_reservoir(cov_inputs)\n",
    "        Y_pred_ = measured_observables_ @ self.W_out.T\n",
    "        print(measured_observables_)\n",
    "        print(self.W_out)\n",
    "        print(self.W_out.T)\n",
    "        print(Y_pred_)\n",
    "\n",
    "        Y_pred_ = self.assign_entanglement_from_probabilities(Y_pred_)\n",
    "        print(Y_pred_)\n",
    "        Y_true_ = self.get_entanglement_values(cov_inputs)\n",
    "        print(Y_true_)\n",
    "\n",
    "        score_ = self.analyze_performance(Y_true_, Y_pred_)\n",
    "        print(score_)    \n",
    "\n"
   ]
  },
  {
   "cell_type": "code",
   "execution_count": 168,
   "metadata": {},
   "outputs": [
    {
     "name": "stdout",
     "output_type": "stream",
     "text": [
      "[[ 1.469 -0.    -0.15   0.666  0.     0.     0.     0.     0.     0.\n",
      "   0.     0.   ]\n",
      " [ 0.     1.469  0.666  0.15   0.     0.     0.     0.     0.     0.\n",
      "   0.     0.   ]\n",
      " [-0.15   0.666  1.469 -0.     0.     0.     0.     0.     0.     0.\n",
      "   0.     0.   ]\n",
      " [ 0.666  0.15   0.     1.469  0.     0.     0.     0.     0.     0.\n",
      "   0.     0.   ]\n",
      " [ 0.     0.     0.     0.     0.5    0.     0.     0.     0.     0.\n",
      "   0.     0.   ]\n",
      " [ 0.     0.     0.     0.     0.     0.5    0.     0.     0.     0.\n",
      "   0.     0.   ]\n",
      " [ 0.     0.     0.     0.     0.     0.     0.5    0.     0.     0.\n",
      "   0.     0.   ]\n",
      " [ 0.     0.     0.     0.     0.     0.     0.     0.5    0.     0.\n",
      "   0.     0.   ]\n",
      " [ 0.     0.     0.     0.     0.     0.     0.     0.     0.5    0.\n",
      "   0.     0.   ]\n",
      " [ 0.     0.     0.     0.     0.     0.     0.     0.     0.     0.5\n",
      "   0.     0.   ]\n",
      " [ 0.     0.     0.     0.     0.     0.     0.     0.     0.     0.\n",
      "   0.5    0.   ]\n",
      " [ 0.     0.     0.     0.     0.     0.     0.     0.     0.     0.\n",
      "   0.     0.5  ]]\n",
      "0.0\n",
      "t: 0.0, valiin\n",
      "t: 0.5, eka\n",
      "t: 0.5, eka\n",
      "t: 1.0, valiin\n",
      "[[ 1.217 -0.    -0.13   0.574 -0.188  0.11  -0.205 -0.044 -0.241  0.008\n",
      "  -0.181 -0.114]\n",
      " [ 0.     1.217  0.574  0.13  -0.11  -0.188  0.044 -0.205 -0.008 -0.241\n",
      "   0.114 -0.181]\n",
      " [-0.13   0.574  1.469 -0.    -0.035 -0.105  0.045 -0.094  0.023 -0.122\n",
      "   0.077 -0.075]\n",
      " [ 0.574  0.13   0.     1.469 -0.105  0.035 -0.094 -0.045 -0.122 -0.023\n",
      "  -0.075 -0.077]\n",
      " [-0.188 -0.11  -0.035 -0.105  0.523 -0.     0.021  0.033  0.037  0.038\n",
      "   0.02   0.047]\n",
      " [ 0.11  -0.188 -0.105  0.035  0.     0.523 -0.033  0.021 -0.038  0.037\n",
      "  -0.047  0.02 ]\n",
      " [-0.205  0.044  0.045 -0.094  0.021 -0.033  0.519 -0.     0.034 -0.018\n",
      "   0.018  0.015]\n",
      " [-0.044 -0.205 -0.094 -0.045  0.033  0.021  0.     0.519  0.018  0.034\n",
      "  -0.015  0.018]\n",
      " [-0.241 -0.008  0.023 -0.122  0.037 -0.038  0.034  0.018  0.559 -0.\n",
      "   0.031  0.043]\n",
      " [ 0.008 -0.241 -0.122 -0.023  0.038  0.037 -0.018  0.034  0.     0.559\n",
      "  -0.043  0.031]\n",
      " [-0.181  0.114  0.077 -0.075  0.02  -0.047  0.018 -0.015  0.031 -0.043\n",
      "   0.517 -0.   ]\n",
      " [-0.114 -0.181 -0.075 -0.077  0.047  0.02   0.015  0.018  0.043  0.031\n",
      "   0.     0.517]]\n",
      "1.0\n",
      "t: 1.0, valiin\n",
      "t: 1.5, toka\n",
      "t: 1.5, toka\n",
      "t: 2.0, valiin\n",
      "[[ 1.217 -0.    -0.112  0.495 -0.132 -0.005 -0.133 -0.137  0.043 -0.122\n",
      "  -0.06  -0.182]\n",
      " [ 0.     1.217  0.495  0.112 -0.176 -0.072 -0.026 -0.211 -0.089  0.003\n",
      "   0.052 -0.193]\n",
      " [-0.112  0.495  1.217 -0.    -0.219  0.058 -0.164 -0.111 -0.237  0.019\n",
      "  -0.116 -0.156]\n",
      " [ 0.495  0.112  0.     1.217 -0.162 -0.158 -0.023 -0.246  0.003 -0.245\n",
      "   0.072 -0.246]\n",
      " [-0.132 -0.176 -0.219 -0.162  0.545  0.012  0.028  0.069  0.014  0.083\n",
      "   0.009  0.092]\n",
      " [-0.005 -0.072  0.058 -0.158  0.012  0.528 -0.019  0.022 -0.067  0.035\n",
      "  -0.046  0.017]\n",
      " [-0.133 -0.026 -0.164 -0.023  0.028 -0.019  0.526  0.02   0.02  -0.011\n",
      "   0.018  0.032]\n",
      " [-0.137 -0.211 -0.111 -0.246  0.069  0.022  0.02   0.563  0.04   0.03\n",
      "  -0.008  0.066]\n",
      " [ 0.043 -0.089 -0.237  0.003  0.014 -0.067  0.02   0.04   0.533 -0.007\n",
      "   0.023  0.084]\n",
      " [-0.122  0.003  0.019 -0.245  0.083  0.035 -0.011  0.03  -0.007  0.546\n",
      "  -0.064  0.025]\n",
      " [-0.06   0.052 -0.116  0.072  0.009 -0.046  0.018 -0.008  0.023 -0.064\n",
      "   0.521  0.003]\n",
      " [-0.182 -0.193 -0.156 -0.246  0.092  0.017  0.032  0.066  0.084  0.025\n",
      "   0.003  0.57 ]]\n",
      "[[ 1.285  0.    -0.311 -0.403  0.     0.     0.     0.     0.     0.\n",
      "   0.     0.   ]\n",
      " [ 0.     1.285 -0.403  0.311  0.     0.     0.     0.     0.     0.\n",
      "   0.     0.   ]\n",
      " [-0.311 -0.403  1.285  0.     0.     0.     0.     0.     0.     0.\n",
      "   0.     0.   ]\n",
      " [-0.403  0.311  0.     1.285  0.     0.     0.     0.     0.     0.\n",
      "   0.     0.   ]\n",
      " [ 0.     0.     0.     0.     0.545  0.012  0.028  0.069  0.014  0.083\n",
      "   0.009  0.092]\n",
      " [ 0.     0.     0.     0.     0.012  0.528 -0.019  0.022 -0.067  0.035\n",
      "  -0.046  0.017]\n",
      " [ 0.     0.     0.     0.     0.028 -0.019  0.526  0.02   0.02  -0.011\n",
      "   0.018  0.032]\n",
      " [ 0.     0.     0.     0.     0.069  0.022  0.02   0.563  0.04   0.03\n",
      "  -0.008  0.066]\n",
      " [ 0.     0.     0.     0.     0.014 -0.067  0.02   0.04   0.533 -0.007\n",
      "   0.023  0.084]\n",
      " [ 0.     0.     0.     0.     0.083  0.035 -0.011  0.03  -0.007  0.546\n",
      "  -0.064  0.025]\n",
      " [ 0.     0.     0.     0.     0.009 -0.046  0.018 -0.008  0.023 -0.064\n",
      "   0.521  0.003]\n",
      " [ 0.     0.     0.     0.     0.092  0.017  0.032  0.066  0.084  0.025\n",
      "   0.003  0.57 ]]\n",
      "0.0\n",
      "t: 0.0, valiin\n",
      "t: 0.5, eka\n",
      "t: 0.5, eka\n",
      "t: 1.0, valiin\n",
      "[[ 1.081e+00  0.000e+00 -2.680e-01 -3.480e-01 -1.660e-01  9.700e-02\n",
      "  -1.800e-01 -3.900e-02 -2.130e-01  7.000e-03 -1.590e-01 -1.000e-01]\n",
      " [ 0.000e+00  1.081e+00 -3.480e-01  2.680e-01 -9.700e-02 -1.660e-01\n",
      "   3.900e-02 -1.800e-01 -7.000e-03 -2.130e-01  1.000e-01 -1.590e-01]\n",
      " [-2.680e-01 -3.480e-01  1.285e+00  0.000e+00  7.700e-02  3.000e-02\n",
      "   3.300e-02  7.100e-02  5.900e-02  7.100e-02  6.000e-03  8.000e-02]\n",
      " [-3.480e-01  2.680e-01  0.000e+00  1.285e+00  3.000e-02 -7.700e-02\n",
      "   7.100e-02 -3.300e-02  7.100e-02 -5.900e-02  8.000e-02 -6.000e-03]\n",
      " [-1.660e-01 -9.700e-02  7.700e-02  3.000e-02  5.570e-01  5.000e-03\n",
      "   2.300e-02  4.100e-02 -2.000e-03  7.900e-02 -9.000e-03  6.300e-02]\n",
      " [ 9.700e-02 -1.660e-01  3.000e-02 -7.700e-02  5.000e-03  5.690e-01\n",
      "  -2.000e-02  2.300e-02 -9.100e-02  2.400e-02 -5.000e-02 -1.000e-02]\n",
      " [-1.800e-01  3.900e-02  3.300e-02  7.100e-02  2.300e-02 -2.000e-02\n",
      "   5.400e-01  1.100e-02  2.600e-02 -2.100e-02  3.800e-02  1.800e-02]\n",
      " [-3.900e-02 -1.800e-01  7.100e-02 -3.300e-02  4.100e-02  2.300e-02\n",
      "   1.100e-02  5.660e-01  1.400e-02  1.700e-02 -9.000e-03  6.500e-02]\n",
      " [-2.130e-01 -7.000e-03  5.900e-02  7.100e-02 -2.000e-03 -9.100e-02\n",
      "   2.600e-02  1.400e-02  4.800e-01 -5.000e-03  2.500e-02  6.900e-02]\n",
      " [ 7.000e-03 -2.130e-01  7.100e-02 -5.900e-02  7.900e-02  2.400e-02\n",
      "  -2.100e-02  1.700e-02 -5.000e-03  4.950e-01 -7.300e-02  4.000e-03]\n",
      " [-1.590e-01  1.000e-01  6.000e-03  8.000e-02 -9.000e-03 -5.000e-02\n",
      "   3.800e-02 -9.000e-03  2.500e-02 -7.300e-02  5.550e-01  1.000e-03]\n",
      " [-1.000e-01 -1.590e-01  8.000e-02 -6.000e-03  6.300e-02 -1.000e-02\n",
      "   1.800e-02  6.500e-02  6.900e-02  4.000e-03  1.000e-03  5.800e-01]]\n",
      "1.0\n",
      "t: 1.0, valiin\n",
      "t: 1.5, toka\n",
      "t: 1.5, toka\n",
      "t: 2.0, valiin\n",
      "[[ 1.081  0.    -0.231 -0.3   -0.024  0.101 -0.123  0.012  0.071  0.047\n",
      "  -0.106 -0.034]\n",
      " [ 0.     1.081 -0.3    0.231 -0.05  -0.156  0.11  -0.18   0.076 -0.031\n",
      "   0.172 -0.117]\n",
      " [-0.231 -0.3    1.081  0.    -0.122  0.105 -0.161  0.016 -0.221  0.004\n",
      "  -0.166 -0.043]\n",
      " [-0.3    0.231  0.     1.081 -0.09  -0.21   0.094 -0.199 -0.01  -0.204\n",
      "   0.158 -0.152]\n",
      " [-0.024 -0.05  -0.122 -0.09   0.566  0.006  0.006  0.018  0.002  0.055\n",
      "  -0.032  0.031]\n",
      " [ 0.101 -0.156  0.105 -0.21   0.006  0.618 -0.038  0.039 -0.073  0.028\n",
      "  -0.065 -0.02 ]\n",
      " [-0.123  0.11  -0.161  0.094  0.006 -0.038  0.539 -0.016  0.034 -0.025\n",
      "   0.049 -0.002]\n",
      " [ 0.012 -0.18   0.016 -0.199  0.018  0.039 -0.016  0.558 -0.003  0.034\n",
      "  -0.029  0.051]\n",
      " [ 0.071  0.076 -0.221 -0.01   0.002 -0.073  0.034 -0.003  0.45   0.008\n",
      "   0.024  0.042]\n",
      " [ 0.047 -0.031  0.004 -0.204  0.055  0.028 -0.025  0.034  0.008  0.462\n",
      "  -0.059  0.011]\n",
      " [-0.106  0.172 -0.166  0.158 -0.032 -0.065  0.049 -0.029  0.024 -0.059\n",
      "   0.581 -0.01 ]\n",
      " [-0.034 -0.117 -0.043 -0.152  0.031 -0.02  -0.002  0.051  0.042  0.011\n",
      "  -0.01   0.573]]\n",
      "[[ 1.484 -0.    -1.182 -0.188  0.     0.     0.     0.     0.     0.\n",
      "   0.     0.   ]\n",
      " [ 0.     1.484 -0.188  1.182  0.     0.     0.     0.     0.     0.\n",
      "   0.     0.   ]\n",
      " [-1.182 -0.188  1.484 -0.     0.     0.     0.     0.     0.     0.\n",
      "   0.     0.   ]\n",
      " [-0.188  1.182  0.     1.484  0.     0.     0.     0.     0.     0.\n",
      "   0.     0.   ]\n",
      " [ 0.     0.     0.     0.     0.566  0.006  0.006  0.018  0.002  0.055\n",
      "  -0.032  0.031]\n",
      " [ 0.     0.     0.     0.     0.006  0.618 -0.038  0.039 -0.073  0.028\n",
      "  -0.065 -0.02 ]\n",
      " [ 0.     0.     0.     0.     0.006 -0.038  0.539 -0.016  0.034 -0.025\n",
      "   0.049 -0.002]\n",
      " [ 0.     0.     0.     0.     0.018  0.039 -0.016  0.558 -0.003  0.034\n",
      "  -0.029  0.051]\n",
      " [ 0.     0.     0.     0.     0.002 -0.073  0.034 -0.003  0.45   0.008\n",
      "   0.024  0.042]\n",
      " [ 0.     0.     0.     0.     0.055  0.028 -0.025  0.034  0.008  0.462\n",
      "  -0.059  0.011]\n",
      " [ 0.     0.     0.     0.    -0.032 -0.065  0.049 -0.029  0.024 -0.059\n",
      "   0.581 -0.01 ]\n",
      " [ 0.     0.     0.     0.     0.031 -0.02  -0.002  0.051  0.042  0.011\n",
      "  -0.01   0.573]]\n",
      "0.0\n",
      "t: 0.0, valiin\n",
      "t: 0.5, eka\n",
      "t: 0.5, eka\n",
      "t: 1.0, valiin\n",
      "[[ 1.229 -0.    -1.019 -0.162 -0.19   0.112 -0.207 -0.045 -0.243  0.008\n",
      "  -0.183 -0.115]\n",
      " [ 0.     1.229 -0.162  1.019 -0.112 -0.19   0.045 -0.207 -0.008 -0.243\n",
      "   0.115 -0.183]\n",
      " [-1.019 -0.162  1.484 -0.     0.18  -0.073  0.17   0.068  0.216  0.027\n",
      "   0.14   0.127]\n",
      " [-0.162  1.019  0.     1.484 -0.073 -0.18   0.068 -0.17   0.027 -0.216\n",
      "   0.127 -0.14 ]\n",
      " [-0.19  -0.112  0.18  -0.073  0.588  0.006  0.021  0.032  0.025  0.042\n",
      "  -0.023  0.043]\n",
      " [ 0.112 -0.19  -0.073 -0.18   0.006  0.611 -0.053  0.031 -0.027  0.022\n",
      "  -0.07  -0.026]\n",
      " [-0.207  0.045  0.17   0.068  0.021 -0.053  0.546 -0.01   0.047 -0.012\n",
      "   0.051  0.017]\n",
      " [-0.045 -0.207  0.068 -0.17   0.032  0.031 -0.01   0.552  0.009  0.039\n",
      "  -0.027  0.05 ]\n",
      " [-0.243 -0.008  0.216  0.027  0.025 -0.027  0.047  0.009  0.457  0.018\n",
      "   0.026  0.031]\n",
      " [ 0.008 -0.243  0.027 -0.216  0.042  0.022 -0.012  0.039  0.018  0.469\n",
      "  -0.034  0.023]\n",
      " [-0.183  0.115  0.14   0.127 -0.023 -0.07   0.051 -0.027  0.026 -0.034\n",
      "   0.579  0.002]\n",
      " [-0.115 -0.183  0.127 -0.14   0.043 -0.026  0.017  0.05   0.031  0.023\n",
      "   0.002  0.579]]\n",
      "1.0\n",
      "t: 1.0, valiin\n",
      "t: 1.5, toka\n",
      "t: 1.5, toka\n",
      "t: 2.0, valiin\n",
      "[[ 1.229e+00 -0.000e+00 -8.790e-01 -1.390e-01  5.200e-02  2.400e-02\n",
      "  -2.700e-02  2.000e-03  2.090e-01  6.000e-03 -7.000e-03 -9.000e-03]\n",
      " [ 0.000e+00  1.229e+00 -1.390e-01  8.790e-01 -1.490e-01 -2.590e-01\n",
      "   1.140e-01 -3.210e-01  4.000e-02 -1.630e-01  2.280e-01 -2.490e-01]\n",
      " [-8.790e-01 -1.390e-01  1.229e+00 -0.000e+00 -1.030e-01  5.300e-02\n",
      "  -8.500e-02  1.900e-02 -2.630e-01  1.600e-02 -1.020e-01 -6.000e-03]\n",
      " [-1.390e-01  8.790e-01  0.000e+00  1.229e+00 -1.700e-01 -2.780e-01\n",
      "   1.090e-01 -3.290e-01 -0.000e+00 -2.240e-01  2.240e-01 -2.630e-01]\n",
      " [ 5.200e-02 -1.490e-01 -1.030e-01 -1.700e-01  5.660e-01  2.100e-02\n",
      "  -1.500e-02  5.100e-02  1.500e-02  1.100e-02 -5.300e-02  4.800e-02]\n",
      " [ 2.400e-02 -2.590e-01  5.300e-02 -2.780e-01  2.100e-02  5.990e-01\n",
      "  -5.200e-02  7.200e-02 -2.100e-02  2.800e-02 -7.600e-02  2.900e-02]\n",
      " [-2.700e-02  1.140e-01 -8.500e-02  1.090e-01 -1.500e-02 -5.200e-02\n",
      "   5.160e-01 -3.300e-02  7.000e-03 -1.900e-02  2.900e-02 -1.100e-02]\n",
      " [ 2.000e-03 -3.210e-01  1.900e-02 -3.290e-01  5.100e-02  7.200e-02\n",
      "  -3.300e-02  5.920e-01 -1.000e-03  6.200e-02 -6.800e-02  7.700e-02]\n",
      " [ 2.090e-01  4.000e-02 -2.630e-01 -0.000e+00  1.500e-02 -2.100e-02\n",
      "   7.000e-03 -1.000e-03  4.980e-01  1.000e-03 -2.000e-03  1.200e-02]\n",
      " [ 6.000e-03 -1.630e-01  1.600e-02 -2.240e-01  1.100e-02  2.800e-02\n",
      "  -1.900e-02  6.200e-02  1.000e-03  4.770e-01 -2.800e-02  4.700e-02]\n",
      " [-7.000e-03  2.280e-01 -1.020e-01  2.240e-01 -5.300e-02 -7.600e-02\n",
      "   2.900e-02 -6.800e-02 -2.000e-03 -2.800e-02  5.640e-01 -3.800e-02]\n",
      " [-9.000e-03 -2.490e-01 -6.000e-03 -2.630e-01  4.800e-02  2.900e-02\n",
      "  -1.100e-02  7.700e-02  1.200e-02  4.700e-02 -3.800e-02  5.820e-01]]\n",
      "[[ 1.356e+00 -0.000e+00  6.290e-01 -6.040e-01  0.000e+00  0.000e+00\n",
      "   0.000e+00  0.000e+00  0.000e+00  0.000e+00  0.000e+00  0.000e+00]\n",
      " [ 0.000e+00  1.356e+00 -6.040e-01 -6.290e-01  0.000e+00  0.000e+00\n",
      "   0.000e+00  0.000e+00  0.000e+00  0.000e+00  0.000e+00  0.000e+00]\n",
      " [ 6.290e-01 -6.040e-01  1.356e+00 -0.000e+00  0.000e+00  0.000e+00\n",
      "   0.000e+00  0.000e+00  0.000e+00  0.000e+00  0.000e+00  0.000e+00]\n",
      " [-6.040e-01 -6.290e-01  0.000e+00  1.356e+00  0.000e+00  0.000e+00\n",
      "   0.000e+00  0.000e+00  0.000e+00  0.000e+00  0.000e+00  0.000e+00]\n",
      " [ 0.000e+00  0.000e+00  0.000e+00  0.000e+00  5.660e-01  2.100e-02\n",
      "  -1.500e-02  5.100e-02  1.500e-02  1.100e-02 -5.300e-02  4.800e-02]\n",
      " [ 0.000e+00  0.000e+00  0.000e+00  0.000e+00  2.100e-02  5.990e-01\n",
      "  -5.200e-02  7.200e-02 -2.100e-02  2.800e-02 -7.600e-02  2.900e-02]\n",
      " [ 0.000e+00  0.000e+00  0.000e+00  0.000e+00 -1.500e-02 -5.200e-02\n",
      "   5.160e-01 -3.300e-02  7.000e-03 -1.900e-02  2.900e-02 -1.100e-02]\n",
      " [ 0.000e+00  0.000e+00  0.000e+00  0.000e+00  5.100e-02  7.200e-02\n",
      "  -3.300e-02  5.920e-01 -1.000e-03  6.200e-02 -6.800e-02  7.700e-02]\n",
      " [ 0.000e+00  0.000e+00  0.000e+00  0.000e+00  1.500e-02 -2.100e-02\n",
      "   7.000e-03 -1.000e-03  4.980e-01  1.000e-03 -2.000e-03  1.200e-02]\n",
      " [ 0.000e+00  0.000e+00  0.000e+00  0.000e+00  1.100e-02  2.800e-02\n",
      "  -1.900e-02  6.200e-02  1.000e-03  4.770e-01 -2.800e-02  4.700e-02]\n",
      " [ 0.000e+00  0.000e+00  0.000e+00  0.000e+00 -5.300e-02 -7.600e-02\n",
      "   2.900e-02 -6.800e-02 -2.000e-03 -2.800e-02  5.640e-01 -3.800e-02]\n",
      " [ 0.000e+00  0.000e+00  0.000e+00  0.000e+00  4.800e-02  2.900e-02\n",
      "  -1.100e-02  7.700e-02  1.200e-02  4.700e-02 -3.800e-02  5.820e-01]]\n",
      "0.0\n",
      "t: 0.0, valiin\n",
      "t: 0.5, eka\n",
      "t: 0.5, eka\n",
      "t: 1.0, valiin\n",
      "[[ 1.134 -0.     0.542 -0.52  -0.175  0.102 -0.19  -0.041 -0.224  0.008\n",
      "  -0.167 -0.106]\n",
      " [ 0.     1.134 -0.52  -0.542 -0.102 -0.175  0.041 -0.19  -0.008 -0.224\n",
      "   0.106 -0.167]\n",
      " [ 0.542 -0.52   1.356 -0.    -0.037  0.137 -0.114  0.069 -0.11   0.113\n",
      "  -0.135  0.026]\n",
      " [-0.52  -0.542  0.     1.356  0.137  0.037  0.069  0.114  0.113  0.11\n",
      "   0.026  0.135]\n",
      " [-0.175 -0.102 -0.037  0.137  0.561 -0.006  0.009  0.044  0.038  0.002\n",
      "  -0.016  0.054]\n",
      " [ 0.102 -0.175  0.137  0.037 -0.006  0.559 -0.05   0.051 -0.03  -0.004\n",
      "  -0.059  0.021]\n",
      " [-0.19   0.041 -0.114  0.069  0.009 -0.05   0.539 -0.021  0.023 -0.004\n",
      "   0.044  0.005]\n",
      " [-0.041 -0.19   0.069  0.114  0.044  0.051 -0.021  0.574  0.009  0.02\n",
      "  -0.047  0.058]\n",
      " [-0.224 -0.008 -0.11   0.113  0.038 -0.03   0.023  0.009  0.533 -0.008\n",
      "   0.011  0.025]\n",
      " [ 0.008 -0.224  0.113  0.11   0.002 -0.004 -0.004  0.02  -0.008  0.493\n",
      "  -0.008  0.024]\n",
      " [-0.167  0.106 -0.135  0.026 -0.016 -0.059  0.044 -0.047  0.011 -0.008\n",
      "   0.562 -0.019]\n",
      " [-0.106 -0.167  0.026  0.135  0.054  0.021  0.005  0.058  0.025  0.024\n",
      "  -0.019  0.559]]\n",
      "1.0\n",
      "t: 1.0, valiin\n",
      "t: 1.5, toka\n",
      "t: 1.5, toka\n",
      "t: 2.0, valiin\n",
      "[[ 1.134e+00 -0.000e+00  4.680e-01 -4.490e-01 -1.270e-01  1.970e-01\n",
      "  -2.580e-01  8.000e-03 -7.400e-02  8.300e-02 -2.340e-01 -8.600e-02]\n",
      " [ 0.000e+00  1.134e+00 -4.490e-01 -4.680e-01  3.800e-02 -6.300e-02\n",
      "   1.110e-01 -6.100e-02  1.130e-01  1.160e-01  1.310e-01 -1.000e-03]\n",
      " [ 4.680e-01 -4.490e-01  1.134e+00 -0.000e+00 -1.790e-01  1.790e-01\n",
      "  -2.800e-01  2.000e-03 -2.200e-01 -7.000e-03 -2.660e-01 -1.070e-01]\n",
      " [-4.490e-01 -4.680e-01  0.000e+00  1.134e+00 -2.600e-02 -1.700e-01\n",
      "   8.400e-02 -9.900e-02 -2.200e-02 -2.270e-01  1.040e-01 -6.900e-02]\n",
      " [-1.270e-01  3.800e-02 -1.790e-01 -2.600e-02  5.500e-01 -4.600e-02\n",
      "   4.100e-02  1.000e-02  4.800e-02  9.000e-03  2.800e-02  4.100e-02]\n",
      " [ 1.970e-01 -6.300e-02  1.790e-01 -1.700e-01 -4.600e-02  5.470e-01\n",
      "  -7.000e-02  2.500e-02 -5.600e-02 -1.000e-02 -6.500e-02 -3.000e-03]\n",
      " [-2.580e-01  1.110e-01 -2.800e-01  8.400e-02  4.100e-02 -7.000e-02\n",
      "   5.840e-01 -2.000e-02  3.400e-02 -1.100e-02  7.900e-02  1.600e-02]\n",
      " [ 8.000e-03 -6.100e-02  2.000e-03 -9.900e-02  1.000e-02  2.500e-02\n",
      "  -2.000e-02  5.250e-01  6.000e-03  2.000e-03 -2.600e-02  1.400e-02]\n",
      " [-7.400e-02  1.130e-01 -2.200e-01 -2.200e-02  4.800e-02 -5.600e-02\n",
      "   3.400e-02  6.000e-03  5.420e-01 -1.200e-02  2.000e-02  3.600e-02]\n",
      " [ 8.300e-02  1.160e-01 -7.000e-03 -2.270e-01  9.000e-03 -1.000e-02\n",
      "  -1.100e-02  2.000e-03 -1.200e-02  5.250e-01 -2.000e-02  1.500e-02]\n",
      " [-2.340e-01  1.310e-01 -2.660e-01  1.040e-01  2.800e-02 -6.500e-02\n",
      "   7.900e-02 -2.600e-02  2.000e-02 -2.000e-02  5.770e-01  4.000e-03]\n",
      " [-8.600e-02 -1.000e-03 -1.070e-01 -6.900e-02  4.100e-02 -3.000e-03\n",
      "   1.600e-02  1.400e-02  3.600e-02  1.500e-02  4.000e-03  5.220e-01]]\n",
      "[[ 1.7    0.     1.013 -0.929  0.     0.     0.     0.     0.     0.\n",
      "   0.     0.   ]\n",
      " [ 0.     1.7   -0.929 -1.013  0.     0.     0.     0.     0.     0.\n",
      "   0.     0.   ]\n",
      " [ 1.013 -0.929  1.7    0.     0.     0.     0.     0.     0.     0.\n",
      "   0.     0.   ]\n",
      " [-0.929 -1.013  0.     1.7    0.     0.     0.     0.     0.     0.\n",
      "   0.     0.   ]\n",
      " [ 0.     0.     0.     0.     0.55  -0.046  0.041  0.01   0.048  0.009\n",
      "   0.028  0.041]\n",
      " [ 0.     0.     0.     0.    -0.046  0.547 -0.07   0.025 -0.056 -0.01\n",
      "  -0.065 -0.003]\n",
      " [ 0.     0.     0.     0.     0.041 -0.07   0.584 -0.02   0.034 -0.011\n",
      "   0.079  0.016]\n",
      " [ 0.     0.     0.     0.     0.01   0.025 -0.02   0.525  0.006  0.002\n",
      "  -0.026  0.014]\n",
      " [ 0.     0.     0.     0.     0.048 -0.056  0.034  0.006  0.542 -0.012\n",
      "   0.02   0.036]\n",
      " [ 0.     0.     0.     0.     0.009 -0.01  -0.011  0.002 -0.012  0.525\n",
      "  -0.02   0.015]\n",
      " [ 0.     0.     0.     0.     0.028 -0.065  0.079 -0.026  0.02  -0.02\n",
      "   0.577  0.004]\n",
      " [ 0.     0.     0.     0.     0.041 -0.003  0.016  0.014  0.036  0.015\n",
      "   0.004  0.522]]\n",
      "0.0\n",
      "t: 0.0, valiin\n",
      "t: 0.5, eka\n",
      "t: 0.5, eka\n",
      "t: 1.0, valiin\n",
      "[[ 1.389  0.     0.874 -0.801 -0.217  0.127 -0.236 -0.051 -0.277  0.009\n",
      "  -0.208 -0.131]\n",
      " [ 0.     1.389 -0.801 -0.874 -0.127 -0.217  0.051 -0.236 -0.009 -0.277\n",
      "   0.131 -0.208]\n",
      " [ 0.874 -0.801  1.7    0.    -0.063  0.214 -0.182  0.105 -0.178  0.175\n",
      "  -0.214  0.036]\n",
      " [-0.801 -0.874  0.     1.7    0.214  0.063  0.105  0.182  0.175  0.178\n",
      "   0.036  0.214]\n",
      " [-0.217 -0.127 -0.063  0.214  0.559 -0.029  0.048  0.038  0.031  0.052\n",
      "   0.027  0.073]\n",
      " [ 0.127 -0.217  0.214  0.063 -0.029  0.552 -0.049  0.027 -0.072  0.027\n",
      "  -0.056  0.006]\n",
      " [-0.236  0.051 -0.182  0.105  0.048 -0.049  0.577 -0.01   0.023 -0.005\n",
      "   0.064  0.016]\n",
      " [-0.051 -0.236  0.105  0.182  0.038  0.027 -0.01   0.538  0.03   0.033\n",
      "  -0.025  0.035]\n",
      " [-0.277 -0.009 -0.178  0.175  0.031 -0.072  0.023  0.03   0.538 -0.024\n",
      "   0.017  0.071]\n",
      " [ 0.009 -0.277  0.175  0.178  0.052  0.027 -0.005  0.033 -0.024  0.555\n",
      "  -0.043  0.035]\n",
      " [-0.208  0.131 -0.214  0.036  0.027 -0.056  0.064 -0.025  0.017 -0.043\n",
      "   0.561 -0.007]\n",
      " [-0.131 -0.208  0.036  0.214  0.073  0.006  0.016  0.035  0.071  0.035\n",
      "  -0.007  0.545]]\n",
      "1.0\n",
      "t: 1.0, valiin\n",
      "t: 1.5, toka\n",
      "t: 1.5, toka\n",
      "t: 2.0, valiin\n",
      "[[ 1.389e+00  0.000e+00  7.530e-01 -6.910e-01 -1.720e-01  2.830e-01\n",
      "  -3.550e-01  2.700e-02 -1.280e-01  1.320e-01 -3.310e-01 -1.040e-01]\n",
      " [ 0.000e+00  1.389e+00 -6.910e-01 -7.530e-01  8.600e-02 -6.300e-02\n",
      "   1.540e-01 -4.100e-02  1.700e-01  1.800e-01  1.650e-01  3.900e-02]\n",
      " [ 7.530e-01 -6.910e-01  1.389e+00  0.000e+00 -2.270e-01  2.480e-01\n",
      "  -3.810e-01  1.300e-02 -2.700e-01 -1.400e-02 -3.630e-01 -1.360e-01]\n",
      " [-6.910e-01 -7.530e-01  0.000e+00  1.389e+00 -6.000e-03 -2.070e-01\n",
      "   1.150e-01 -9.100e-02 -3.300e-02 -2.830e-01  1.250e-01 -5.300e-02]\n",
      " [-1.720e-01  8.600e-02 -2.270e-01 -6.000e-03  5.690e-01 -4.300e-02\n",
      "   7.000e-02  7.000e-03  3.900e-02  7.200e-02  4.700e-02  5.200e-02]\n",
      " [ 2.830e-01 -6.300e-02  2.480e-01 -2.070e-01 -4.300e-02  5.720e-01\n",
      "  -8.000e-02  1.000e-03 -9.500e-02  1.200e-02 -8.900e-02 -3.900e-02]\n",
      " [-3.550e-01  1.540e-01 -3.810e-01  1.150e-01  7.000e-02 -8.000e-02\n",
      "   6.240e-01 -1.800e-02  5.700e-02 -3.100e-02  1.120e-01  1.900e-02]\n",
